0,0,0
0,1,1
0,2,4
0,3,9
0,4,16
0,5,25
0,6,36
0,7,49
0,8,64
0,9,81
0,10,100
0,11,121
0,12,144
0,13,169
0,14,196
0,15,225
0,16,256
0,17,289
0,18,324
0,19,361
0,20,400
0,21,441
0,22,484
0,23,529
0,24,576
0,25,625
0,26,676
0,27,729
0,28,784
0,29,841
0,30,900
0,31,961
0,32,1024
0,33,1089
0,34,1156
0,35,1225
0,36,1296
0,37,1369
0,38,1444
0,39,1521
0,40,1600
0,41,1681
0,42,1764
0,43,1849
0,44,1936
0,45,2025
0,46,2116
0,47,2209
0,48,2304
0,49,2401
0,50,2500
0,51,2601
0,52,2704
0,53,2809
0,54,2916
0,55,3025
0,56,3136
0,57,3249
0,58,3364
0,59,3481
0,60,3600
0,61,3721
0,62,3844
0,63,3969
0,64,4096
0,65,4225
0,66,4356
0,67,4489
0,68,4624
0,69,4761
0,70,4900
0,71,5041
0,72,5184
0,73,5329
0,74,5476
0,75,5625
0,76,5776
0,77,5929
0,78,6084
0,79,6241
0,80,6400
0,81,6561
0,82,6724
0,83,6889
0,84,7056
0,85,7225
0,86,7396
0,87,7569
0,88,7744
0,89,7921
0,90,8100
0,91,8281
0,92,8464
0,93,8649
0,94,8836
0,95,9025
0,96,9216
0,97,9409
0,98,9604
0,99,9801
1,0,1
1,1,2
1,2,5
1,3,10
1,4,17
1,5,26
1,6,37
1,7,50
1,8,65
1,9,82
1,10,101
1,11,122
1,12,145
1,13,170
1,14,197
1,15,226
1,16,257
1,17,290
1,18,325
1,19,362
1,20,401
1,21,442
1,22,485
1,23,530
1,24,577
1,25,626
1,26,677
1,27,730
1,28,785
1,29,842
1,30,901
1,31,962
1,32,1025
1,33,1090
1,34,1157
1,35,1226
1,36,1297
1,37,1370
1,38,1445
1,39,1522
1,40,1601
1,41,1682
1,42,1765
1,43,1850
1,44,1937
1,45,2026
1,46,2117
1,47,2210
1,48,2305
1,49,2402
1,50,2501
1,51,2602
1,52,2705
1,53,2810
1,54,2917
1,55,3026
1,56,3137
1,57,3250
1,58,3365
1,59,3482
1,60,3601
1,61,3722
1,62,3845
1,63,3970
1,64,4097
1,65,4226
1,66,4357
1,67,4490
1,68,4625
1,69,4762
1,70,4901
1,71,5042
1,72,5185
1,73,5330
1,74,5477
1,75,5626
1,76,5777
1,77,5930
1,78,6085
1,79,6242
1,80,6401
1,81,6562
1,82,6725
1,83,6890
1,84,7057
1,85,7226
1,86,7397
1,87,7570
1,88,7745
1,89,7922
1,90,8101
1,91,8282
1,92,8465
1,93,8650
1,94,8837
1,95,9026
1,96,9217
1,97,9410
1,98,9605
1,99,9802
2,0,4
2,1,5
2,2,8
2,3,13
2,4,20
2,5,29
2,6,40
2,7,53
2,8,68
2,9,85
2,10,104
2,11,125
2,12,148
2,13,173
2,14,200
2,15,229
2,16,260
2,17,293
2,18,328
2,19,365
2,20,404
2,21,445
2,22,488
2,23,533
2,24,580
2,25,629
2,26,680
2,27,733
2,28,788
2,29,845
2,30,904
2,31,965
2,32,1028
2,33,1093
2,34,1160
2,35,1229
2,36,1300
2,37,1373
2,38,1448
2,39,1525
2,40,1604
2,41,1685
2,42,1768
2,43,1853
2,44,1940
2,45,2029
2,46,2120
2,47,2213
2,48,2308
2,49,2405
2,50,2504
2,51,2605
2,52,2708
2,53,2813
2,54,2920
2,55,3029
2,56,3140
2,57,3253
2,58,3368
2,59,3485
2,60,3604
2,61,3725
2,62,3848
2,63,3973
2,64,4100
2,65,4229
2,66,4360
2,67,4493
2,68,4628
2,69,4765
2,70,4904
2,71,5045
2,72,5188
2,73,5333
2,74,5480
2,75,5629
2,76,5780
2,77,5933
2,78,6088
2,79,6245
2,80,6404
2,81,6565
2,82,6728
2,83,6893
2,84,7060
2,85,7229
2,86,7400
2,87,7573
2,88,7748
2,89,7925
2,90,8104
2,91,8285
2,92,8468
2,93,8653
2,94,8840
2,95,9029
2,96,9220
2,97,9413
2,98,9608
2,99,9805
3,0,9
3,1,10
3,2,13
3,3,18
3,4,25
3,5,34
3,6,45
3,7,58
3,8,73
3,9,90
3,10,109
3,11,130
3,12,153
3,13,178
3,14,205
3,15,234
3,16,265
3,17,298
3,18,333
3,19,370
3,20,409
3,21,450
3,22,493
3,23,538
3,24,585
3,25,634
3,26,685
3,27,738
3,28,793
3,29,850
3,30,909
3,31,970
3,32,1033
3,33,1098
3,34,1165
3,35,1234
3,36,1305
3,37,1378
3,38,1453
3,39,1530
3,40,1609
3,41,1690
3,42,1773
3,43,1858
3,44,1945
3,45,2034
3,46,2125
3,47,2218
3,48,2313
3,49,2410
3,50,2509
3,51,2610
3,52,2713
3,53,2818
3,54,2925
3,55,3034
3,56,3145
3,57,3258
3,58,3373
3,59,3490
3,60,3609
3,61,3730
3,62,3853
3,63,3978
3,64,4105
3,65,4234
3,66,4365
3,67,4498
3,68,4633
3,69,4770
3,70,4909
3,71,5050
3,72,5193
3,73,5338
3,74,5485
3,75,5634
3,76,5785
3,77,5938
3,78,6093
3,79,6250
3,80,6409
3,81,6570
3,82,6733
3,83,6898
3,84,7065
3,85,7234
3,86,7405
3,87,7578
3,88,7753
3,89,7930
3,90,8109
3,91,8290
3,92,8473
3,93,8658
3,94,8845
3,95,9034
3,96,9225
3,97,9418
3,98,9613
3,99,9810
4,0,16
4,1,17
4,2,20
4,3,25
4,4,32
4,5,41
4,6,52
4,7,65
4,8,80
4,9,97
4,10,116
4,11,137
4,12,160
4,13,185
4,14,212
4,15,241
4,16,272
4,17,305
4,18,340
4,19,377
4,20,416
4,21,457
4,22,500
4,23,545
4,24,592
4,25,641
4,26,692
4,27,745
4,28,800
4,29,857
4,30,916
4,31,977
4,32,1040
4,33,1105
4,34,1172
4,35,1241
4,36,1312
4,37,1385
4,38,1460
4,39,1537
4,40,1616
4,41,1697
4,42,1780
4,43,1865
4,44,1952
4,45,2041
4,46,2132
4,47,2225
4,48,2320
4,49,2417
4,50,2516
4,51,2617
4,52,2720
4,53,2825
4,54,2932
4,55,3041
4,56,3152
4,57,3265
4,58,3380
4,59,3497
4,60,3616
4,61,3737
4,62,3860
4,63,3985
4,64,4112
4,65,4241
4,66,4372
4,67,4505
4,68,4640
4,69,4777
4,70,4916
4,71,5057
4,72,5200
4,73,5345
4,74,5492
4,75,5641
4,76,5792
4,77,5945
4,78,6100
4,79,6257
4,80,6416
4,81,6577
4,82,6740
4,83,6905
4,84,7072
4,85,7241
4,86,7412
4,87,7585
4,88,7760
4,89,7937
4,90,8116
4,91,8297
4,92,8480
4,93,8665
4,94,8852
4,95,9041
4,96,9232
4,97,9425
4,98,9620
4,99,9817
5,0,25
5,1,26
5,2,29
5,3,34
5,4,41
5,5,50
5,6,61
5,7,74
5,8,89
5,9,106
5,10,125
5,11,146
5,12,169
5,13,194
5,14,221
5,15,250
5,16,281
5,17,314
5,18,349
5,19,386
5,20,425
5,21,466
5,22,509
5,23,554
5,24,601
5,25,650
5,26,701
5,27,754
5,28,809
5,29,866
5,30,925
5,31,986
5,32,1049
5,33,1114
5,34,1181
5,35,1250
5,36,1321
5,37,1394
5,38,1469
5,39,1546
5,40,1625
5,41,1706
5,42,1789
5,43,1874
5,44,1961
5,45,2050
5,46,2141
5,47,2234
5,48,2329
5,49,2426
5,50,2525
5,51,2626
5,52,2729
5,53,2834
5,54,2941
5,55,3050
5,56,3161
5,57,3274
5,58,3389
5,59,3506
5,60,3625
5,61,3746
5,62,3869
5,63,3994
5,64,4121
5,65,4250
5,66,4381
5,67,4514
5,68,4649
5,69,4786
5,70,4925
5,71,5066
5,72,5209
5,73,5354
5,74,5501
5,75,5650
5,76,5801
5,77,5954
5,78,6109
5,79,6266
5,80,6425
5,81,6586
5,82,6749
5,83,6914
5,84,7081
5,85,7250
5,86,7421
5,87,7594
5,88,7769
5,89,7946
5,90,8125
5,91,8306
5,92,8489
5,93,8674
5,94,8861
5,95,9050
5,96,9241
5,97,9434
5,98,9629
5,99,9826
6,0,36
6,1,37
6,2,40
6,3,45
6,4,52
6,5,61
6,6,72
6,7,85
6,8,100
6,9,117
6,10,136
6,11,157
6,12,180
6,13,205
6,14,232
6,15,261
6,16,292
6,17,325
6,18,360
6,19,397
6,20,436
6,21,477
6,22,520
6,23,565
6,24,612
6,25,661
6,26,712
6,27,765
6,28,820
6,29,877
6,30,936
6,31,997
6,32,1060
6,33,1125
6,34,1192
6,35,1261
6,36,1332
6,37,1405
6,38,1480
6,39,1557
6,40,1636
6,41,1717
6,42,1800
6,43,1885
6,44,1972
6,45,2061
6,46,2152
6,47,2245
6,48,2340
6,49,2437
6,50,2536
6,51,2637
6,52,2740
6,53,2845
6,54,2952
6,55,3061
6,56,3172
6,57,3285
6,58,3400
6,59,3517
6,60,3636
6,61,3757
6,62,3880
6,63,4005
6,64,4132
6,65,4261
6,66,4392
6,67,4525
6,68,4660
6,69,4797
6,70,4936
6,71,5077
6,72,5220
6,73,5365
6,74,5512
6,75,5661
6,76,5812
6,77,5965
6,78,6120
6,79,6277
6,80,6436
6,81,6597
6,82,6760
6,83,6925
6,84,7092
6,85,7261
6,86,7432
6,87,7605
6,88,7780
6,89,7957
6,90,8136
6,91,8317
6,92,8500
6,93,8685
6,94,8872
6,95,9061
6,96,9252
6,97,9445
6,98,9640
6,99,9837
7,0,49
7,1,50
7,2,53
7,3,58
7,4,65
7,5,74
7,6,85
7,7,98
7,8,113
7,9,130
7,10,149
7,11,170
7,12,193
7,13,218
7,14,245
7,15,274
7,16,305
7,17,338
7,18,373
7,19,410
7,20,449
7,21,490
7,22,533
7,23,578
7,24,625
7,25,674
7,26,725
7,27,778
7,28,833
7,29,890
7,30,949
7,31,1010
7,32,1073
7,33,1138
7,34,1205
7,35,1274
7,36,1345
7,37,1418
7,38,1493
7,39,1570
7,40,1649
7,41,1730
7,42,1813
7,43,1898
7,44,1985
7,45,2074
7,46,2165
7,47,2258
7,48,2353
7,49,2450
7,50,2549
7,51,2650
7,52,2753
7,53,2858
7,54,2965
7,55,3074
7,56,3185
7,57,3298
7,58,3413
7,59,3530
7,60,3649
7,61,3770
7,62,3893
7,63,4018
7,64,4145
7,65,4274
7,66,4405
7,67,4538
7,68,4673
7,69,4810
7,70,4949
7,71,5090
7,72,5233
7,73,5378
7,74,5525
7,75,5674
7,76,5825
7,77,5978
7,78,6133
7,79,6290
7,80,6449
7,81,6610
7,82,6773
7,83,6938
7,84,7105
7,85,7274
7,86,7445
7,87,7618
7,88,7793
7,89,7970
7,90,8149
7,91,8330
7,92,8513
7,93,8698
7,94,8885
7,95,9074
7,96,9265
7,97,9458
7,98,9653
7,99,9850
8,0,64
8,1,65
8,2,68
8,3,73
8,4,80
8,5,89
8,6,100
8,7,113
8,8,128
8,9,145
8,10,164
8,11,185
8,12,208
8,13,233
8,14,260
8,15,289
8,16,320
8,17,353
8,18,388
8,19,425
8,20,464
8,21,505
8,22,548
8,23,593
8,24,640
8,25,689
8,26,740
8,27,793
8,28,848
8,29,905
8,30,964
8,31,1025
8,32,1088
8,33,1153
8,34,1220
8,35,1289
8,36,1360
8,37,1433
8,38,1508
8,39,1585
8,40,1664
8,41,1745
8,42,1828
8,43,1913
8,44,2000
8,45,2089
8,46,2180
8,47,2273
8,48,2368
8,49,2465
8,50,2564
8,51,2665
8,52,2768
8,53,2873
8,54,2980
8,55,3089
8,56,3200
8,57,3313
8,58,3428
8,59,3545
8,60,3664
8,61,3785
8,62,3908
8,63,4033
8,64,4160
8,65,4289
8,66,4420
8,67,4553
8,68,4688
8,69,4825
8,70,4964
8,71,5105
8,72,5248
8,73,5393
8,74,5540
8,75,5689
8,76,5840
8,77,5993
8,78,6148
8,79,6305
8,80,6464
8,81,6625
8,82,6788
8,83,6953
8,84,7120
8,85,7289
8,86,7460
8,87,7633
8,88,7808
8,89,7985
8,90,8164
8,91,8345
8,92,8528
8,93,8713
8,94,8900
8,95,9089
8,96,9280
8,97,9473
8,98,9668
8,99,9865
9,0,81
9,1,82
9,2,85
9,3,90
9,4,97
9,5,106
9,6,117
9,7,130
9,8,145
9,9,162
9,10,181
9,11,202
9,12,225
9,13,250
9,14,277
9,15,306
9,16,337
9,17,370
9,18,405
9,19,442
9,20,481
9,21,522
9,22,565
9,23,610
9,24,657
9,25,706
9,26,757
9,27,810
9,28,865
9,29,922
9,30,981
9,31,1042
9,32,1105
9,33,1170
9,34,1237
9,35,1306
9,36,1377
9,37,1450
9,38,1525
9,39,1602
9,40,1681
9,41,1762
9,42,1845
9,43,1930
9,44,2017
9,45,2106
9,46,2197
9,47,2290
9,48,2385
9,49,2482
9,50,2581
9,51,2682
9,52,2785
9,53,2890
9,54,2997
9,55,3106
9,56,3217
9,57,3330
9,58,3445
9,59,3562
9,60,3681
9,61,3802
9,62,3925
9,63,4050
9,64,4177
9,65,4306
9,66,4437
9,67,4570
9,68,4705
9,69,4842
9,70,4981
9,71,5122
9,72,5265
9,73,5410
9,74,5557
9,75,5706
9,76,5857
9,77,6010
9,78,6165
9,79,6322
9,80,6481
9,81,6642
9,82,6805
9,83,6970
9,84,7137
9,85,7306
9,86,7477
9,87,7650
9,88,7825
9,89,8002
9,90,8181
9,91,8362
9,92,8545
9,93,8730
9,94,8917
9,95,9106
9,96,9297
9,97,9490
9,98,9685
9,99,9882
10,0,100
10,1,101
10,2,104
10,3,109
10,4,116
10,5,125
10,6,136
10,7,149
10,8,164
10,9,181
10,10,200
10,11,221
10,12,244
10,13,269
10,14,296
10,15,325
10,16,356
10,17,389
10,18,424
10,19,461
10,20,500
10,21,541
10,22,584
10,23,629
10,24,676
10,25,725
10,26,776
10,27,829
10,28,884
10,29,941
10,30,1000
10,31,1061
10,32,1124
10,33,1189
10,34,1256
10,35,1325
10,36,1396
10,37,1469
10,38,1544
10,39,1621
10,40,1700
10,41,1781
10,42,1864
10,43,1949
10,44,2036
10,45,2125
10,46,2216
10,47,2309
10,48,2404
10,49,2501
10,50,2600
10,51,2701
10,52,2804
10,53,2909
10,54,3016
10,55,3125
10,56,3236
10,57,3349
10,58,3464
10,59,3581
10,60,3700
10,61,3821
10,62,3944
10,63,4069
10,64,4196
10,65,4325
10,66,4456
10,67,4589
10,68,4724
10,69,4861
10,70,5000
10,71,5141
10,72,5284
10,73,5429
10,74,5576
10,75,5725
10,76,5876
10,77,6029
10,78,6184
10,79,6341
10,80,6500
10,81,6661
10,82,6824
10,83,6989
10,84,7156
10,85,7325
10,86,7496
10,87,7669
10,88,7844
10,89,8021
10,90,8200
10,91,8381
10,92,8564
10,93,8749
10,94,8936
10,95,9125
10,96,9316
10,97,9509
10,98,9704
10,99,9901
11,0,121
11,1,122
11,2,125
11,3,130
11,4,137
11,5,146
11,6,157
11,7,170
11,8,185
11,9,202
11,10,221
11,11,242
11,12,265
11,13,290
11,14,317
11,15,346
11,16,377
11,17,410
11,18,445
11,19,482
11,20,521
11,21,562
11,22,605
11,23,650
11,24,697
11,25,746
11,26,797
11,27,850
11,28,905
11,29,962
11,30,1021
11,31,1082
11,32,1145
11,33,1210
11,34,1277
11,35,1346
11,36,1417
11,37,1490
11,38,1565
11,39,1642
11,40,1721
11,41,1802
11,42,1885
11,43,1970
11,44,2057
11,45,2146
11,46,2237
11,47,2330
11,48,2425
11,49,2522
11,50,2621
11,51,2722
11,52,2825
11,53,2930
11,54,3037
11,55,3146
11,56,3257
11,57,3370
11,58,3485
11,59,3602
11,60,3721
11,61,3842
11,62,3965
11,63,4090
11,64,4217
11,65,4346
11,66,4477
11,67,4610
11,68,4745
11,69,4882
11,70,5021
11,71,5162
11,72,5305
11,73,5450
11,74,5597
11,75,5746
11,76,5897
11,77,6050
11,78,6205
11,79,6362
11,80,6521
11,81,6682
11,82,6845
11,83,7010
11,84,7177
11,85,7346
11,86,7517
11,87,7690
11,88,7865
11,89,8042
11,90,8221
11,91,8402
11,92,8585
11,93,8770
11,94,8957
11,95,9146
11,96,9337
11,97,9530
11,98,9725
11,99,9922
12,0,144
12,1,145
12,2,148
12,3,153
12,4,160
12,5,169
12,6,180
12,7,193
12,8,208
12,9,225
12,10,244
12,11,265
12,12,288
12,13,313
12,14,340
12,15,369
12,16,400
12,17,433
12,18,468
12,19,505
12,20,544
12,21,585
12,22,628
12,23,673
12,24,720
12,25,769
12,26,820
12,27,873
12,28,928
12,29,985
12,30,1044
12,31,1105
12,32,1168
12,33,1233
12,34,1300
12,35,1369
12,36,1440
12,37,1513
12,38,1588
12,39,1665
12,40,1744
12,41,1825
12,42,1908
12,43,1993
12,44,2080
12,45,2169
12,46,2260
12,47,2353
12,48,2448
12,49,2545
12,50,2644
12,51,2745
12,52,2848
12,53,2953
12,54,3060
12,55,3169
12,56,3280
12,57,3393
12,58,3508
12,59,3625
12,60,3744
12,61,3865
12,62,3988
12,63,4113
12,64,4240
12,65,4369
12,66,4500
12,67,4633
12,68,4768
12,69,4905
12,70,5044
12,71,5185
12,72,5328
12,73,5473
12,74,5620
12,75,5769
12,76,5920
12,77,6073
12,78,6228
12,79,6385
12,80,6544
12,81,6705
12,82,6868
12,83,7033
12,84,7200
12,85,7369
12,86,7540
12,87,7713
12,88,7888
12,89,8065
12,90,8244
12,91,8425
12,92,8608
12,93,8793
12,94,8980
12,95,9169
12,96,9360
12,97,9553
12,98,9748
12,99,9945
13,0,169
13,1,170
13,2,173
13,3,178
13,4,185
13,5,194
13,6,205
13,7,218
13,8,233
13,9,250
13,10,269
13,11,290
13,12,313
13,13,338
13,14,365
13,15,394
13,16,425
13,17,458
13,18,493
13,19,530
13,20,569
13,21,610
13,22,653
13,23,698
13,24,745
13,25,794
13,26,845
13,27,898
13,28,953
13,29,1010
13,30,1069
13,31,1130
13,32,1193
13,33,1258
13,34,1325
13,35,1394
13,36,1465
13,37,1538
13,38,1613
13,39,1690
13,40,1769
13,41,1850
13,42,1933
13,43,2018
13,44,2105
13,45,2194
13,46,2285
13,47,2378
13,48,2473
13,49,2570
13,50,2669
13,51,2770
13,52,2873
13,53,2978
13,54,3085
13,55,3194
13,56,3305
13,57,3418
13,58,3533
13,59,3650
13,60,3769
13,61,3890
13,62,4013
13,63,4138
13,64,4265
13,65,4394
13,66,4525
13,67,4658
13,68,4793
13,69,4930
13,70,5069
13,71,5210
13,72,5353
13,73,5498
13,74,5645
13,75,5794
13,76,5945
13,77,6098
13,78,6253
13,79,6410
13,80,6569
13,81,6730
13,82,6893
13,83,7058
13,84,7225
13,85,7394
13,86,7565
13,87,7738
13,88,7913
13,89,8090
13,90,8269
13,91,8450
13,92,8633
13,93,8818
13,94,9005
13,95,9194
13,96,9385
13,97,9578
13,98,9773
13,99,9970
14,0,196
14,1,197
14,2,200
14,3,205
14,4,212
14,5,221
14,6,232
14,7,245
14,8,260
14,9,277
14,10,296
14,11,317
14,12,340
14,13,365
14,14,392
14,15,421
14,16,452
14,17,485
14,18,520
14,19,557
14,20,596
14,21,637
14,22,680
14,23,725
14,24,772
14,25,821
14,26,872
14,27,925
14,28,980
14,29,1037
14,30,1096
14,31,1157
14,32,1220
14,33,1285
14,34,1352
14,35,1421
14,36,1492
14,37,1565
14,38,1640
14,39,1717
14,40,1796
14,41,1877
14,42,1960
14,43,2045
14,44,2132
14,45,2221
14,46,2312
14,47,2405
14,48,2500
14,49,2597
14,50,2696
14,51,2797
14,52,2900
14,53,3005
14,54,3112
14,55,3221
14,56,3332
14,57,3445
14,58,3560
14,59,3677
14,60,3796
14,61,3917
14,62,4040
14,63,4165
14,64,4292
14,65,4421
14,66,4552
14,67,4685
14,68,4820
14,69,4957
14,70,5096
14,71,5237
14,72,5380
14,73,5525
14,74,5672
14,75,5821
14,76,5972
14,77,6125
14,78,6280
14,79,6437
14,80,6596
14,81,6757
14,82,6920
14,83,7085
14,84,7252
14,85,7421
14,86,7592
14,87,7765
14,88,7940
14,89,8117
14,90,8296
14,91,8477
14,92,8660
14,93,8845
14,94,9032
14,95,9221
14,96,9412
14,97,9605
14,98,9800
14,99,9997
15,0,225
15,1,226
15,2,229
15,3,234
15,4,241
15,5,250
15,6,261
15,7,274
15,8,289
15,9,306
15,10,325
15,11,346
15,12,369
15,13,394
15,14,421
15,15,450
15,16,481
15,17,514
15,18,549
15,19,586
15,20,625
15,21,666
15,22,709
15,23,754
15,24,801
15,25,850
15,26,901
15,27,954
15,28,1009
15,29,1066
15,30,1125
15,31,1186
15,32,1249
15,33,1314
15,34,1381
15,35,1450
15,36,1521
15,37,1594
15,38,1669
15,39,1746
15,40,1825
15,41,1906
15,42,1989
15,43,2074
15,44,2161
15,45,2250
15,46,2341
15,47,2434
15,48,2529
15,49,2626
15,50,2725
15,51,2826
15,52,2929
15,53,3034
15,54,3141
15,55,3250
15,56,3361
15,57,3474
15,58,3589
15,59,3706
15,60,3825
15,61,3946
15,62,4069
15,63,4194
15,64,4321
15,65,4450
15,66,4581
15,67,4714
15,68,4849
15,69,4986
15,70,5125
15,71,5266
15,72,5409
15,73,5554
15,74,5701
15,75,5850
15,76,6001
15,77,6154
15,78,6309
15,79,6466
15,80,6625
15,81,6786
15,82,6949
15,83,7114
15,84,7281
15,85,7450
15,86,7621
15,87,7794
15,88,7969
15,89,8146
15,90,8325
15,91,8506
15,92,8689
15,93,8874
15,94,9061
15,95,9250
15,96,9441
15,97,9634
15,98,9829
15,99,10026
16,0,256
16,1,257
16,2,260
16,3,265
16,4,272
16,5,281
16,6,292
16,7,305
16,8,320
16,9,337
16,10,356
16,11,377
16,12,400
16,13,425
16,14,452
16,15,481
16,16,512
16,17,545
16,18,580
16,19,617
16,20,656
16,21,697
16,22,740
16,23,785
16,24,832
16,25,881
16,26,932
16,27,985
16,28,1040
16,29,1097
16,30,1156
16,31,1217
16,32,1280
16,33,1345
16,34,1412
16,35,1481
16,36,1552
16,37,1625
16,38,1700
16,39,1777
16,40,1856
16,41,1937
16,42,2020
16,43,2105
16,44,2192
16,45,2281
16,46,2372
16,47,2465
16,48,2560
16,49,2657
16,50,2756
16,51,2857
16,52,2960
16,53,3065
16,54,3172
16,55,3281
16,56,3392
16,57,3505
16,58,3620
16,59,3737
16,60,3856
16,61,3977
16,62,4100
16,63,4225
16,64,4352
16,65,4481
16,66,4612
16,67,4745
16,68,4880
16,69,5017
16,70,5156
16,71,5297
16,72,5440
16,73,5585
16,74,5732
16,75,5881
16,76,6032
16,77,6185
16,78,6340
16,79,6497
16,80,6656
16,81,6817
16,82,6980
16,83,7145
16,84,7312
16,85,7481
16,86,7652
16,87,7825
16,88,8000
16,89,8177
16,90,8356
16,91,8537
16,92,8720
16,93,8905
16,94,9092
16,95,9281
16,96,9472
16,97,9665
16,98,9860
16,99,10057
17,0,289
17,1,290
17,2,293
17,3,298
17,4,305
17,5,314
17,6,325
17,7,338
17,8,353
17,9,370
17,10,389
17,11,410
17,12,433
17,13,458
17,14,485
17,15,514
17,16,545
17,17,578
17,18,613
17,19,650
17,20,689
17,21,730
17,22,773
17,23,818
17,24,865
17,25,914
17,26,965
17,27,1018
17,28,1073
17,29,1130
17,30,1189
17,31,1250
17,32,1313
17,33,1378
17,34,1445
17,35,1514
17,36,1585
17,37,1658
17,38,1733
17,39,1810
17,40,1889
17,41,1970
17,42,2053
17,43,2138
17,44,2225
17,45,2314
17,46,2405
17,47,2498
17,48,2593
17,49,2690
17,50,2789
17,51,2890
17,52,2993
17,53,3098
17,54,3205
17,55,3314
17,56,3425
17,57,3538
17,58,3653
17,59,3770
17,60,3889
17,61,4010
17,62,4133
17,63,4258
17,64,4385
17,65,4514
17,66,4645
17,67,4778
17,68,4913
17,69,5050
17,70,5189
17,71,5330
17,72,5473
17,73,5618
17,74,5765
17,75,5914
17,76,6065
17,77,6218
17,78,6373
17,79,6530
17,80,6689
17,81,6850
17,82,7013
17,83,7178
17,84,7345
17,85,7514
17,86,7685
17,87,7858
17,88,8033
17,89,8210
17,90,8389
17,91,8570
17,92,8753
17,93,8938
17,94,9125
17,95,9314
17,96,9505
17,97,9698
17,98,9893
17,99,10090
18,0,324
18,1,325
18,2,328
18,3,333
18,4,340
18,5,349
18,6,360
18,7,373
18,8,388
18,9,405
18,10,424
18,11,445
18,12,468
18,13,493
18,14,520
18,15,549
18,16,580
18,17,613
18,18,648
18,19,685
18,20,724
18,21,765
18,22,808
18,23,853
18,24,900
18,25,949
18,26,1000
18,27,1053
18,28,1108
18,29,1165
18,30,1224
18,31,1285
18,32,1348
18,33,1413
18,34,1480
18,35,1549
18,36,1620
18,37,1693
18,38,1768
18,39,1845
18,40,1924
18,41,2005
18,42,2088
18,43,2173
18,44,2260
18,45,2349
18,46,2440
18,47,2533
18,48,2628
18,49,2725
18,50,2824
18,51,2925
18,52,3028
18,53,3133
18,54,3240
18,55,3349
18,56,3460
18,57,3573
18,58,3688
18,59,3805
18,60,3924
18,61,4045
18,62,4168
18,63,4293
18,64,4420
18,65,4549
18,66,4680
18,67,4813
18,68,4948
18,69,5085
18,70,5224
18,71,5365
18,72,5508
18,73,5653
18,74,5800
18,75,5949
18,76,6100
18,77,6253
18,78,6408
18,79,6565
18,80,6724
18,81,6885
18,82,7048
18,83,7213
18,84,7380
18,85,7549
18,86,7720
18,87,7893
18,88,8068
18,89,8245
18,90,8424
18,91,8605
18,92,8788
18,93,8973
18,94,9160
18,95,9349
18,96,9540
18,97,9733
18,98,9928
18,99,10125
19,0,361
19,1,362
19,2,365
19,3,370
19,4,377
19,5,386
19,6,397
19,7,410
19,8,425
19,9,442
19,10,461
19,11,482
19,12,505
19,13,530
19,14,557
19,15,586
19,16,617
19,17,650
19,18,685
19,19,722
19,20,761
19,21,802
19,22,845
19,23,890
19,24,937
19,25,986
19,26,1037
19,27,1090
19,28,1145
19,29,1202
19,30,1261
19,31,1322
19,32,1385
19,33,1450
19,34,1517
19,35,1586
19,36,1657
19,37,1730
19,38,1805
19,39,1882
19,40,1961
19,41,2042
19,42,2125
19,43,2210
19,44,2297
19,45,2386
19,46,2477
19,47,2570
19,48,2665
19,49,2762
19,50,2861
19,51,2962
19,52,3065
19,53,3170
19,54,3277
19,55,3386
19,56,3497
19,57,3610
19,58,3725
19,59,3842
19,60,3961
19,61,4082
19,62,4205
19,63,4330
19,64,4457
19,65,4586
19,66,4717
19,67,4850
19,68,4985
19,69,5122
19,70,5261
19,71,5402
19,72,5545
19,73,5690
19,74,5837
19,75,5986
19,76,6137
19,77,6290
19,78,6445
19,79,6602
19,80,6761
19,81,6922
19,82,7085
19,83,7250
19,84,7417
19,85,7586
19,86,7757
19,87,7930
19,88,8105
19,89,8282
19,90,8461
19,91,8642
19,92,8825
19,93,9010
19,94,9197
19,95,9386
19,96,9577
19,97,9770
19,98,9965
19,99,10162
20,0,400
20,1,401
20,2,404
20,3,409
20,4,416
20,5,425
20,6,436
20,7,449
20,8,464
20,9,481
20,10,500
20,11,521
20,12,544
20,13,569
20,14,596
20,15,625
20,16,656
20,17,689
20,18,724
20,19,761
20,20,800
20,21,841
20,22,884
20,23,929
20,24,976
20,25,1025
20,26,1076
20,27,1129
20,28,1184
20,29,1241
20,30,1300
20,31,1361
20,32,1424
20,33,1489
20,34,1556
20,35,1625
20,36,1696
20,37,1769
20,38,1844
20,39,1921
20,40,2000
20,41,2081
20,42,2164
20,43,2249
20,44,2336
20,45,2425
20,46,2516
20,47,2609
20,48,2704
20,49,2801
20,50,2900
20,51,3001
20,52,3104
20,53,3209
20,54,3316
20,55,3425
20,56,3536
20,57,3649
20,58,3764
20,59,3881
20,60,4000
20,61,4121
20,62,4244
20,63,4369
20,64,4496
20,65,4625
20,66,4756
20,67,4889
20,68,5024
20,69,5161
20,70,5300
20,71,5441
20,72,5584
20,73,5729
20,74,5876
20,75,6025
20,76,6176
20,77,6329
20,78,6484
20,79,6641
20,80,6800
20,81,6961
20,82,7124
20,83,7289
20,84,7456
20,85,7625
20,86,7796
20,87,7969
20,88,8144
20,89,8321
20,90,8500
20,91,8681
20,92,8864
20,93,9049
20,94,9236
20,95,9425
20,96,9616
20,97,9809
20,98,10004
20,99,10201
21,0,441
21,1,442
21,2,445
21,3,450
21,4,457
21,5,466
21,6,477
21,7,490
21,8,505
21,9,522
21,10,541
21,11,562
21,12,585
21,13,610
21,14,637
21,15,666
21,16,697
21,17,730
21,18,765
21,19,802
21,20,841
21,21,882
21,22,925
21,23,970
21,24,1017
21,25,1066
21,26,1117
21,27,1170
21,28,1225
21,29,1282
21,30,1341
21,31,1402
21,32,1465
21,33,1530
21,34,1597
21,35,1666
21,36,1737
21,37,1810
21,38,1885
21,39,1962
21,40,2041
21,41,2122
21,42,2205
21,43,2290
21,44,2377
21,45,2466
21,46,2557
21,47,2650
21,48,2745
21,49,2842
21,50,2941
21,51,3042
21,52,3145
21,53,3250
21,54,3357
21,55,3466
21,56,3577
21,57,3690
21,58,3805
21,59,3922
21,60,4041
21,61,4162
21,62,4285
21,63,4410
21,64,4537
21,65,4666
21,66,4797
21,67,4930
21,68,5065
21,69,5202
21,70,5341
21,71,5482
21,72,5625
21,73,5770
21,74,5917
21,75,6066
21,76,6217
21,77,6370
21,78,6525
21,79,6682
21,80,6841
21,81,7002
21,82,7165
21,83,7330
21,84,7497
21,85,7666
21,86,7837
21,87,8010
21,88,8185
21,89,8362
21,90,8541
21,91,8722
21,92,8905
21,93,9090
21,94,9277
21,95,9466
21,96,9657
21,97,9850
21,98,10045
21,99,10242
22,0,484
22,1,485
22,2,488
22,3,493
22,4,500
22,5,509
22,6,520
22,7,533
22,8,548
22,9,565
22,10,584
22,11,605
22,12,628
22,13,653
22,14,680
22,15,709
22,16,740
22,17,773
22,18,808
22,19,845
22,20,884
22,21,925
22,22,968
22,23,1013
22,24,1060
22,25,1109
22,26,1160
22,27,1213
22,28,1268
22,29,1325
22,30,1384
22,31,1445
22,32,1508
22,33,1573
22,34,1640
22,35,1709
22,36,1780
22,37,1853
22,38,1928
22,39,2005
22,40,2084
22,41,2165
22,42,2248
22,43,2333
22,44,2420
22,45,2509
22,46,2600
22,47,2693
22,48,2788
22,49,2885
22,50,2984
22,51,3085
22,52,3188
22,53,3293
22,54,3400
22,55,3509
22,56,3620
22,57,3733
22,58,3848
22,59,3965
22,60,4084
22,61,4205
22,62,4328
22,63,4453
22,64,4580
22,65,4709
22,66,4840
22,67,4973
22,68,5108
22,69,5245
22,70,5384
22,71,5525
22,72,5668
22,73,5813
22,74,5960
22,75,6109
22,76,6260
22,77,6413
22,78,6568
22,79,6725
22,80,6884
22,81,7045
22,82,7208
22,83,7373
22,84,7540
22,85,7709
22,86,7880
22,87,8053
22,88,8228
22,89,8405
22,90,8584
22,91,8765
22,92,8948
22,93,9133
22,94,9320
22,95,9509
22,96,9700
22,97,9893
22,98,10088
22,99,10285
23,0,529
23,1,530
23,2,533
23,3,538
23,4,545
23,5,554
23,6,565
23,7,578
23,8,593
23,9,610
23,10,629
23,11,650
23,12,673
23,13,698
23,14,725
23,15,754
23,16,785
23,17,818
23,18,853
23,19,890
23,20,929
23,21,970
23,22,1013
23,23,1058
23,24,1105
23,25,1154
23,26,1205
23,27,1258
23,28,1313
23,29,1370
23,30,1429
23,31,1490
23,32,1553
23,33,1618
23,34,1685
23,35,1754
23,36,1825
23,37,1898
23,38,1973
23,39,2050
23,40,2129
23,41,2210
23,42,2293
23,43,2378
23,44,2465
23,45,2554
23,46,2645
23,47,2738
23,48,2833
23,49,2930
23,50,3029
23,51,3130
23,52,3233
23,53,3338
23,54,3445
23,55,3554
23,56,3665
23,57,3778
23,58,3893
23,59,4010
23,60,4129
23,61,4250
23,62,4373
23,63,4498
23,64,4625
23,65,4754
23,66,4885
23,67,5018
23,68,5153
23,69,5290
23,70,5429
23,71,5570
23,72,5713
23,73,5858
23,74,6005
23,75,6154
23,76,6305
23,77,6458
23,78,6613
23,79,6770
23,80,6929
23,81,7090
23,82,7253
23,83,7418
23,84,7585
23,85,7754
23,86,7925
23,87,8098
23,88,8273
23,89,8450
23,90,8629
23,91,8810
23,92,8993
23,93,9178
23,94,9365
23,95,9554
23,96,9745
23,97,9938
23,98,10133
23,99,10330
24,0,576
24,1,577
24,2,580
24,3,585
24,4,592
24,5,601
24,6,612
24,7,625
24,8,640
24,9,657
24,10,676
24,11,697
24,12,720
24,13,745
24,14,772
24,15,801
24,16,832
24,17,865
24,18,900
24,19,937
24,20,976
24,21,1017
24,22,1060
24,23,1105
24,24,1152
24,25,1201
24,26,1252
24,27,1305
24,28,1360
24,29,1417
24,30,1476
24,31,1537
24,32,1600
24,33,1665
24,34,1732
24,35,1801
24,36,1872
24,37,1945
24,38,2020
24,39,2097
24,40,2176
24,41,2257
24,42,2340
24,43,2425
24,44,2512
24,45,2601
24,46,2692
24,47,2785
24,48,2880
24,49,2977
24,50,3076
24,51,3177
24,52,3280
24,53,3385
24,54,3492
24,55,3601
24,56,3712
24,57,3825
24,58,3940
24,59,4057
24,60,4176
24,61,4297
24,62,4420
24,63,4545
24,64,4672
24,65,4801
24,66,4932
24,67,5065
24,68,5200
24,69,5337
24,70,5476
24,71,5617
24,72,5760
24,73,5905
24,74,6052
24,75,6201
24,76,6352
24,77,6505
24,78,6660
24,79,6817
24,80,6976
24,81,7137
24,82,7300
24,83,7465
24,84,7632
24,85,7801
24,86,7972
24,87,8145
24,88,8320
24,89,8497
24,90,8676
24,91,8857
24,92,9040
24,93,9225
24,94,9412
24,95,9601
24,96,9792
24,97,9985
24,98,10180
24,99,10377
25,0,625
25,1,626
25,2,629
25,3,634
25,4,641
25,5,650
25,6,661
25,7,674
25,8,689
25,9,706
25,10,725
25,11,746
25,12,769
25,13,794
25,14,821
25,15,850
25,16,881
25,17,914
25,18,949
25,19,986
25,20,1025
25,21,1066
25,22,1109
25,23,1154
25,24,1201
25,25,1250
25,26,1301
25,27,1354
25,28,1409
25,29,1466
25,30,1525
25,31,1586
25,32,1649
25,33,1714
25,34,1781
25,35,1850
25,36,1921
25,37,1994
25,38,2069
25,39,2146
25,40,2225
25,41,2306
25,42,2389
25,43,2474
25,44,2561
25,45,2650
25,46,2741
25,47,2834
25,48,2929
25,49,3026
25,50,3125
25,51,3226
25,52,3329
25,53,3434
25,54,3541
25,55,3650
25,56,3761
25,57,3874
25,58,3989
25,59,4106
25,60,4225
25,61,4346
25,62,4469
25,63,4594
25,64,4721
25,65,4850
25,66,4981
25,67,5114
25,68,5249
25,69,5386
25,70,5525
25,71,5666
25,72,5809
25,73,5954
25,74,6101
25,75,6250
25,76,6401
25,77,6554
25,78,6709
25,79,6866
25,80,7025
25,81,7186
25,82,7349
25,83,7514
25,84,7681
25,85,7850
25,86,8021
25,87,8194
25,88,8369
25,89,8546
25,90,8725
25,91,8906
25,92,9089
25,93,9274
25,94,9461
25,95,9650
25,96,9841
25,97,10034
25,98,10229
25,99,10426
26,0,676
26,1,677
26,2,680
26,3,685
26,4,692
26,5,701
26,6,712
26,7,725
26,8,740
26,9,757
26,10,776
26,11,797
26,12,820
26,13,845
26,14,872
26,15,901
26,16,932
26,17,965
26,18,1000
26,19,1037
26,20,1076
26,21,1117
26,22,1160
26,23,1205
26,24,1252
26,25,1301
26,26,1352
26,27,1405
26,28,1460
26,29,1517
26,30,1576
26,31,1637
26,32,1700
26,33,1765
26,34,1832
26,35,1901
26,36,1972
26,37,2045
26,38,2120
26,39,2197
26,40,2276
26,41,2357
26,42,2440
26,43,2525
26,44,2612
26,45,2701
26,46,2792
26,47,2885
26,48,2980
26,49,3077
26,50,3176
26,51,3277
26,52,3380
26,53,3485
26,54,3592
26,55,3701
26,56,3812
26,57,3925
26,58,4040
26,59,4157
26,60,4276
26,61,4397
26,62,4520
26,63,4645
26,64,4772
26,65,4901
26,66,5032
26,67,5165
26,68,5300
26,69,5437
26,70,5576
26,71,5717
26,72,5860
26,73,6005
26,74,6152
26,75,6301
26,76,6452
26,77,6605
26,78,6760
26,79,6917
26,80,7076
26,81,7237
26,82,7400
26,83,7565
26,84,7732
26,85,7901
26,86,8072
26,87,8245
26,88,8420
26,89,8597
26,90,8776
26,91,8957
26,92,9140
26,93,9325
26,94,9512
26,95,9701
26,96,9892
26,97,10085
26,98,10280
26,99,10477
27,0,729
27,1,730
27,2,733
27,3,738
27,4,745
27,5,754
27,6,765
27,7,778
27,8,793
27,9,810
27,10,829
27,11,850
27,12,873
27,13,898
27,14,925
27,15,954
27,16,985
27,17,1018
27,18,1053
27,19,1090
27,20,1129
27,21,1170
27,22,1213
27,23,1258
27,24,1305
27,25,1354
27,26,1405
27,27,1458
27,28,1513
27,29,1570
27,30,1629
27,31,1690
27,32,1753
27,33,1818
27,34,1885
27,35,1954
27,36,2025
27,37,2098
27,38,2173
27,39,2250
27,40,2329
27,41,2410
27,42,2493
27,43,2578
27,44,2665
27,45,2754
27,46,2845
27,47,2938
27,48,3033
27,49,3130
27,50,3229
27,51,3330
27,52,3433
27,53,3538
27,54,3645
27,55,3754
27,56,3865
27,57,3978
27,58,4093
27,59,4210
27,60,4329
27,61,4450
27,62,4573
27,63,4698
27,64,4825
27,65,4954
27,66,5085
27,67,5218
27,68,5353
27,69,5490
27,70,5629
27,71,5770
27,72,5913
27,73,6058
27,74,6205
27,75,6354
27,76,6505
27,77,6658
27,78,6813
27,79,6970
27,80,7129
27,81,7290
27,82,7453
27,83,7618
27,84,7785
27,85,7954
27,86,8125
27,87,8298
27,88,8473
27,89,8650
27,90,8829
27,91,9010
27,92,9193
27,93,9378
27,94,9565
27,95,9754
27,96,9945
27,97,10138
27,98,10333
27,99,10530
28,0,784
28,1,785
28,2,788
28,3,793
28,4,800
28,5,809
28,6,820
28,7,833
28,8,848
28,9,865
28,10,884
28,11,905
28,12,928
28,13,953
28,14,980
28,15,1009
28,16,1040
28,17,1073
28,18,1108
28,19,1145
28,20,1184
28,21,1225
28,22,1268
28,23,1313
28,24,1360
28,25,1409
28,26,1460
28,27,1513
28,28,1568
28,29,1625
28,30,1684
28,31,1745
28,32,1808
28,33,1873
28,34,1940
28,35,2009
28,36,2080
28,37,2153
28,38,2228
28,39,2305
28,40,2384
28,41,2465
28,42,2548
28,43,2633
28,44,2720
28,45,2809
28,46,2900
28,47,2993
28,48,3088
28,49,3185
28,50,3284
28,51,3385
28,52,3488
28,53,3593
28,54,3700
28,55,3809
28,56,3920
28,57,4033
28,58,4148
28,59,4265
28,60,4384
28,61,4505
28,62,4628
28,63,4753
28,64,4880
28,65,5009
28,66,5140
28,67,5273
28,68,5408
28,69,5545
28,70,5684
28,71,5825
28,72,5968
28,73,6113
28,74,6260
28,75,6409
28,76,6560
28,77,6713
28,78,6868
28,79,7025
28,80,7184
28,81,7345
28,82,7508
28,83,7673
28,84,7840
28,85,8009
28,86,8180
28,87,8353
28,88,8528
28,89,8705
28,90,8884
28,91,9065
28,92,9248
28,93,9433
28,94,9620
28,95,9809
28,96,10000
28,97,10193
28,98,10388
28,99,10585
29,0,841
29,1,842
29,2,845
29,3,850
29,4,857
29,5,866
29,6,877
29,7,890
29,8,905
29,9,922
29,10,941
29,11,962
29,12,985
29,13,1010
29,14,1037
29,15,1066
29,16,1097
29,17,1130
29,18,1165
29,19,1202
29,20,1241
29,21,1282
29,22,1325
29,23,1370
29,24,1417
29,25,1466
29,26,1517
29,27,1570
29,28,1625
29,29,1682
29,30,1741
29,31,1802
29,32,1865
29,33,1930
29,34,1997
29,35,2066
29,36,2137
29,37,2210
29,38,2285
29,39,2362
29,40,2441
29,41,2522
29,42,2605
29,43,2690
29,44,2777
29,45,2866
29,46,2957
29,47,3050
29,48,3145
29,49,3242
29,50,3341
29,51,3442
29,52,3545
29,53,3650
29,54,3757
29,55,3866
29,56,3977
29,57,4090
29,58,4205
29,59,4322
29,60,4441
29,61,4562
29,62,4685
29,63,4810
29,64,4937
29,65,5066
29,66,5197
29,67,5330
29,68,5465
29,69,5602
29,70,5741
29,71,5882
29,72,6025
29,73,6170
29,74,6317
29,75,6466
29,76,6617
29,77,6770
29,78,6925
29,79,7082
29,80,7241
29,81,7402
29,82,7565
29,83,7730
29,84,7897
29,85,8066
29,86,8237
29,87,8410
29,88,8585
29,89,8762
29,90,8941
29,91,9122
29,92,9305
29,93,9490
29,94,9677
29,95,9866
29,96,10057
29,97,10250
29,98,10445
29,99,10642
30,0,900
30,1,901
30,2,904
30,3,909
30,4,916
30,5,925
30,6,936
30,7,949
30,8,964
30,9,981
30,10,1000
30,11,1021
30,12,1044
30,13,1069
30,14,1096
30,15,1125
30,16,1156
30,17,1189
30,18,1224
30,19,1261
30,20,1300
30,21,1341
30,22,1384
30,23,1429
30,24,1476
30,25,1525
30,26,1576
30,27,1629
30,28,1684
30,29,1741
30,30,1800
30,31,1861
30,32,1924
30,33,1989
30,34,2056
30,35,2125
30,36,2196
30,37,2269
30,38,2344
30,39,2421
30,40,2500
30,41,2581
30,42,2664
30,43,2749
30,44,2836
30,45,2925
30,46,3016
30,47,3109
30,48,3204
30,49,3301
30,50,3400
30,51,3501
30,52,3604
30,53,3709
30,54,3816
30,55,3925
30,56,4036
30,57,4149
30,58,4264
30,59,4381
30,60,4500
30,61,4621
30,62,4744
30,63,4869
30,64,4996
30,65,5125
30,66,5256
30,67,5389
30,68,5524
30,69,5661
30,70,5800
30,71,5941
30,72,6084
30,73,6229
30,74,6376
30,75,6525
30,76,6676
30,77,6829
30,78,6984
30,79,7141
30,80,7300
30,81,7461
30,82,7624
30,83,7789
30,84,7956
30,85,8125
30,86,8296
30,87,8469
30,88,8644
30,89,8821
30,90,9000
30,91,9181
30,92,9364
30,93,9549
30,94,9736
30,95,9925
30,96,10116
30,97,10309
30,98,10504
30,99,10701
31,0,961
31,1,962
31,2,965
31,3,970
31,4,977
31,5,986
31,6,997
31,7,1010
31,8,1025
31,9,1042
31,10,1061
31,11,1082
31,12,1105
31,13,1130
31,14,1157
31,15,1186
31,16,1217
31,17,1250
31,18,1285
31,19,1322
31,20,1361
31,21,1402
31,22,1445
31,23,1490
31,24,1537
31,25,1586
31,26,1637
31,27,1690
31,28,1745
31,29,1802
31,30,1861
31,31,1922
31,32,1985
31,33,2050
31,34,2117
31,35,2186
31,36,2257
31,37,2330
31,38,2405
31,39,2482
31,40,2561
31,41,2642
31,42,2725
31,43,2810
31,44,2897
31,45,2986
31,46,3077
31,47,3170
31,48,3265
31,49,3362
31,50,3461
31,51,3562
31,52,3665
31,53,3770
31,54,3877
31,55,3986
31,56,4097
31,57,4210
31,58,4325
31,59,4442
31,60,4561
31,61,4682
31,62,4805
31,63,4930
31,64,5057
31,65,5186
31,66,5317
31,67,5450
31,68,5585
31,69,5722
31,70,5861
31,71,6002
31,72,6145
31,73,6290
31,74,6437
31,75,6586
31,76,6737
31,77,6890
31,78,7045
31,79,7202
31,80,7361
31,81,7522
31,82,7685
31,83,7850
31,84,8017
31,85,8186
31,86,8357
31,87,8530
31,88,8705
31,89,8882
31,90,9061
31,91,9242
31,92,9425
31,93,9610
31,94,9797
31,95,9986
31,96,10177
31,97,10370
31,98,10565
31,99,10762
32,0,1024
32,1,1025
32,2,1028
32,3,1033
32,4,1040
32,5,1049
32,6,1060
32,7,1073
32,8,1088
32,9,1105
32,10,1124
32,11,1145
32,12,1168
32,13,1193
32,14,1220
32,15,1249
32,16,1280
32,17,1313
32,18,1348
32,19,1385
32,20,1424
32,21,1465
32,22,1508
32,23,1553
32,24,1600
32,25,1649
32,26,1700
32,27,1753
32,28,1808
32,29,1865
32,30,1924
32,31,1985
32,32,2048
32,33,2113
32,34,2180
32,35,2249
32,36,2320
32,37,2393
32,38,2468
32,39,2545
32,40,2624
32,41,2705
32,42,2788
32,43,2873
32,44,2960
32,45,3049
32,46,3140
32,47,3233
32,48,3328
32,49,3425
32,50,3524
32,51,3625
32,52,3728
32,53,3833
32,54,3940
32,55,4049
32,56,4160
32,57,4273
32,58,4388
32,59,4505
32,60,4624
32,61,4745
32,62,4868
32,63,4993
32,64,5120
32,65,5249
32,66,5380
32,67,5513
32,68,5648
32,69,5785
32,70,5924
32,71,6065
32,72,6208
32,73,6353
32,74,6500
32,75,6649
32,76,6800
32,77,6953
32,78,7108
32,79,7265
32,80,7424
32,81,7585
32,82,7748
32,83,7913
32,84,8080
32,85,8249
32,86,8420
32,87,8593
32,88,8768
32,89,8945
32,90,9124
32,91,9305
32,92,9488
32,93,9673
32,94,9860
32,95,10049
32,96,10240
32,97,10433
32,98,10628
32,99,10825
33,0,1089
33,1,1090
33,2,1093
33,3,1098
33,4,1105
33,5,1114
33,6,1125
33,7,1138
33,8,1153
33,9,1170
33,10,1189
33,11,1210
33,12,1233
33,13,1258
33,14,1285
33,15,1314
33,16,1345
33,17,1378
33,18,1413
33,19,1450
33,20,1489
33,21,1530
33,22,1573
33,23,1618
33,24,1665
33,25,1714
33,26,1765
33,27,1818
33,28,1873
33,29,1930
33,30,1989
33,31,2050
33,32,2113
33,33,2178
33,34,2245
33,35,2314
33,36,2385
33,37,2458
33,38,2533
33,39,2610
33,40,2689
33,41,2770
33,42,2853
33,43,2938
33,44,3025
33,45,3114
33,46,3205
33,47,3298
33,48,3393
33,49,3490
33,50,3589
33,51,3690
33,52,3793
33,53,3898
33,54,4005
33,55,4114
33,56,4225
33,57,4338
33,58,4453
33,59,4570
33,60,4689
33,61,4810
33,62,4933
33,63,5058
33,64,5185
33,65,5314
33,66,5445
33,67,5578
33,68,5713
33,69,5850
33,70,5989
33,71,6130
33,72,6273
33,73,6418
33,74,6565
33,75,6714
33,76,6865
33,77,7018
33,78,7173
33,79,7330
33,80,7489
33,81,7650
33,82,7813
33,83,7978
33,84,8145
33,85,8314
33,86,8485
33,87,8658
33,88,8833
33,89,9010
33,90,9189
33,91,9370
33,92,9553
33,93,9738
33,94,9925
33,95,10114
33,96,10305
33,97,10498
33,98,10693
33,99,10890
34,0,1156
34,1,1157
34,2,1160
34,3,1165
34,4,1172
34,5,1181
34,6,1192
34,7,1205
34,8,1220
34,9,1237
34,10,1256
34,11,1277
34,12,1300
34,13,1325
34,14,1352
34,15,1381
34,16,1412
34,17,1445
34,18,1480
34,19,1517
34,20,1556
34,21,1597
34,22,1640
34,23,1685
34,24,1732
34,25,1781
34,26,1832
34,27,1885
34,28,1940
34,29,1997
34,30,2056
34,31,2117
34,32,2180
34,33,2245
34,34,2312
34,35,2381
34,36,2452
34,37,2525
34,38,2600
34,39,2677
34,40,2756
34,41,2837
34,42,2920
34,43,3005
34,44,3092
34,45,3181
34,46,3272
34,47,3365
34,48,3460
34,49,3557
34,50,3656
34,51,3757
34,52,3860
34,53,3965
34,54,4072
34,55,4181
34,56,4292
34,57,4405
34,58,4520
34,59,4637
34,60,4756
34,61,4877
34,62,5000
34,63,5125
34,64,5252
34,65,5381
34,66,5512
34,67,5645
34,68,5780
34,69,5917
34,70,6056
34,71,6197
34,72,6340
34,73,6485
34,74,6632
34,75,6781
34,76,6932
34,77,7085
34,78,7240
34,79,7397
34,80,7556
34,81,7717
34,82,7880
34,83,8045
34,84,8212
34,85,8381
34,86,8552
34,87,8725
34,88,8900
34,89,9077
34,90,9256
34,91,9437
34,92,9620
34,93,9805
34,94,9992
34,95,10181
34,96,10372
34,97,10565
34,98,10760
34,99,10957
35,0,1225
35,1,1226
35,2,1229
35,3,1234
35,4,1241
35,5,1250
35,6,1261
35,7,1274
35,8,1289
35,9,1306
35,10,1325
35,11,1346
35,12,1369
35,13,1394
35,14,1421
35,15,1450
35,16,1481
35,17,1514
35,18,1549
35,19,1586
35,20,1625
35,21,1666
35,22,1709
35,23,1754
35,24,1801
35,25,1850
35,26,1901
35,27,1954
35,28,2009
35,29,2066
35,30,2125
35,31,2186
35,32,2249
35,33,2314
35,34,2381
35,35,2450
35,36,2521
35,37,2594
35,38,2669
35,39,2746
35,40,2825
35,41,2906
35,42,2989
35,43,3074
35,44,3161
35,45,3250
35,46,3341
35,47,3434
35,48,3529
35,49,3626
35,50,3725
35,51,3826
35,52,3929
35,53,4034
35,54,4141
35,55,4250
35,56,4361
35,57,4474
35,58,4589
35,59,4706
35,60,4825
35,61,4946
35,62,5069
35,63,5194
35,64,5321
35,65,5450
35,66,5581
35,67,5714
35,68,5849
35,69,5986
35,70,6125
35,71,6266
35,72,6409
35,73,6554
35,74,6701
35,75,6850
35,76,7001
35,77,7154
35,78,7309
35,79,7466
35,80,7625
35,81,7786
35,82,7949
35,83,8114
35,84,8281
35,85,8450
35,86,8621
35,87,8794
35,88,8969
35,89,9146
35,90,9325
35,91,9506
35,92,9689
35,93,9874
35,94,10061
35,95,10250
35,96,10441
35,97,10634
35,98,10829
35,99,11026
36,0,1296
36,1,1297
36,2,1300
36,3,1305
36,4,1312
36,5,1321
36,6,1332
36,7,1345
36,8,1360
36,9,1377
36,10,1396
36,11,1417
36,12,1440
36,13,1465
36,14,1492
36,15,1521
36,16,1552
36,17,1585
36,18,1620
36,19,1657
36,20,1696
36,21,1737
36,22,1780
36,23,1825
36,24,1872
36,25,1921
36,26,1972
36,27,2025
36,28,2080
36,29,2137
36,30,2196
36,31,2257
36,32,2320
36,33,2385
36,34,2452
36,35,2521
36,36,2592
36,37,2665
36,38,2740
36,39,2817
36,40,2896
36,41,2977
36,42,3060
36,43,3145
36,44,3232
36,45,3321
36,46,3412
36,47,3505
36,48,3600
36,49,3697
36,50,3796
36,51,3897
36,52,4000
36,53,4105
36,54,4212
36,55,4321
36,56,4432
36,57,4545
36,58,4660
36,59,4777
36,60,4896
36,61,5017
36,62,5140
36,63,5265
36,64,5392
36,65,5521
36,66,5652
36,67,5785
36,68,5920
36,69,6057
36,70,6196
36,71,6337
36,72,6480
36,73,6625
36,74,6772
36,75,6921
36,76,7072
36,77,7225
36,78,7380
36,79,7537
36,80,7696
36,81,7857
36,82,8020
36,83,8185
36,84,8352
36,85,8521
36,86,8692
36,87,8865
36,88,9040
36,89,9217
36,90,9396
36,91,9577
36,92,9760
36,93,9945
36,94,10132
36,95,10321
36,96,10512
36,97,10705
36,98,10900
36,99,11097
37,0,1369
37,1,1370
37,2,1373
37,3,1378
37,4,1385
37,5,1394
37,6,1405
37,7,1418
37,8,1433
37,9,1450
37,10,1469
37,11,1490
37,12,1513
37,13,1538
37,14,1565
37,15,1594
37,16,1625
37,17,1658
37,18,1693
37,19,1730
37,20,1769
37,21,1810
37,22,1853
37,23,1898
37,24,1945
37,25,1994
37,26,2045
37,27,2098
37,28,2153
37,29,2210
37,30,2269
37,31,2330
37,32,2393
37,33,2458
37,34,2525
37,35,2594
37,36,2665
37,37,2738
37,38,2813
37,39,2890
37,40,2969
37,41,3050
37,42,3133
37,43,3218
37,44,3305
37,45,3394
37,46,3485
37,47,3578
37,48,3673
37,49,3770
37,50,3869
37,51,3970
37,52,4073
37,53,4178
37,54,4285
37,55,4394
37,56,4505
37,57,4618
37,58,4733
37,59,4850
37,60,4969
37,61,5090
37,62,5213
37,63,5338
37,64,5465
37,65,5594
37,66,5725
37,67,5858
37,68,5993
37,69,6130
37,70,6269
37,71,6410
37,72,6553
37,73,6698
37,74,6845
37,75,6994
37,76,7145
37,77,7298
37,78,7453
37,79,7610
37,80,7769
37,81,7930
37,82,8093
37,83,8258
37,84,8425
37,85,8594
37,86,8765
37,87,8938
37,88,9113
37,89,9290
37,90,9469
37,91,9650
37,92,9833
37,93,10018
37,94,10205
37,95,10394
37,96,10585
37,97,10778
37,98,10973
37,99,11170
38,0,1444
38,1,1445
38,2,1448
38,3,1453
38,4,1460
38,5,1469
38,6,1480
38,7,1493
38,8,1508
38,9,1525
38,10,1544
38,11,1565
38,12,1588
38,13,1613
38,14,1640
38,15,1669
38,16,1700
38,17,1733
38,18,1768
38,19,1805
38,20,1844
38,21,1885
38,22,1928
38,23,1973
38,24,2020
38,25,2069
38,26,2120
38,27,2173
38,28,2228
38,29,2285
38,30,2344
38,31,2405
38,32,2468
38,33,2533
38,34,2600
38,35,2669
38,36,2740
38,37,2813
